1.0000000e-002 9.9997048e+000
2.0000000e-002 1.9999410e+001
3.5000000e-002 2.9999114e+001
5.0000000e-002 3.9998819e+001
7.0000000e-002 4.9998524e+001
1.0700000e-001 5.9998229e+001
1.4000000e-001 6.9997933e+001
2.0000000e-001 7.9997638e+001
3.3000000e-001 9.9997048e+001
1.0200000e+000 1.9999410e+002
1.2500000e+000 2.9999114e+002
1.3500000e+000 3.9998819e+002
1.4000000e+000 4.9998524e+002
1.4300000e+000 5.9998229e+002
1.4500000e+000 6.9997933e+002
1.4700000e+000 7.9997638e+002
1.4800000e+000 8.9997343e+002
1.4950000e+000 9.9997048e+002
1.5800000e+000 1.9999410e+003
1.6400000e+000 2.9999114e+003
1.6750000e+000 3.9998819e+003
1.7100000e+000 4.9998524e+003
1.7300000e+000 5.9998229e+003
1.7600000e+000 6.9997933e+003
1.7800000e+000 7.9997638e+003
1.7950000e+000 8.9997343e+003
1.8100000e+000 9.9997048e+003
1.9500000e+000 1.9999410e+004
2.0300000e+000 2.9999114e+004
2.0700000e+000 3.9788735e+004
2.1800000e+000 7.9577469e+004
2.2500000e+000 1.1140846e+005